   27.000000000000000        13.000000000000000       0.54427692706824549       0.30734663740335372     
   27.000000000000000        13.000000000000000       0.54796904378224542       0.30422785160900090     
   27.000000000000000        13.000000000000000       0.55170306874498554       0.30108389304730565     
   27.000000000000000        13.000000000000000       0.55547971956346454       0.29791448662416325     
   27.000000000000000        13.000000000000000       0.55929973032245428       0.29471935366911700     
   27.000000000000000        13.000000000000000       0.56316385206018527       0.29149821188387987     
   27.000000000000000        13.000000000000000       0.56707285326060830       0.28825077529004695     
   27.000000000000000        13.000000000000000       0.57102752036290483       0.28497675417567836     
   27.000000000000000        13.000000000000000       0.57502865828896510       0.28167585504119191     
   27.000000000000000        13.000000000000000       0.57907709098956495       0.27834778054445380     
   27.000000000000000        13.000000000000000       0.58317366201002940       0.27499222944475371     
   27.000000000000000        13.000000000000000       0.58731923507619310       0.27160889654599008     
   27.000000000000000        13.000000000000000       0.59151469470151663       0.26819747263877891     
   27.000000000000000        13.000000000000000       0.59576094681625069       0.26475764444202221     
   27.000000000000000        13.000000000000000       0.60005891941959366       0.26128909454260757     
   27.000000000000000        13.000000000000000       0.60440956325581996       0.25779150133497158     
   27.000000000000000        13.000000000000000       0.60881385251542763       0.25426453895928569     
   27.000000000000000        13.000000000000000       0.61327278556237541       0.25070787723815979     
   27.000000000000000        13.000000000000000       0.61778738568856106       0.24712118161304275     
   27.000000000000000        13.000000000000000       0.62235870189673381       0.24350411307872993     
   27.000000000000000        13.000000000000000       0.62698780971310086       0.23985632811727386     
   27.000000000000000        13.000000000000000       0.63167581203094858       0.23617747863003194     
   27.000000000000000        13.000000000000000       0.63642383998666874       0.23246721186924377     
   27.000000000000000        13.000000000000000       0.64123305386965423       0.22872517036791745     
   27.000000000000000        13.000000000000000       0.64610464406759338       0.22495099186814826     
   27.000000000000000        13.000000000000000       0.65103983204879534       0.22114430924874531     
   27.000000000000000        13.000000000000000       0.65603987138323250       0.21730475045072653     
   27.000000000000000        13.000000000000000       0.66110604880410406       0.21343193840182467     
   27.000000000000000        13.000000000000000       0.66623968531180477       0.20952549093975248     
   27.000000000000000        13.000000000000000       0.67144213732228974       0.20558502073278634     
   27.000000000000000        13.000000000000000       0.67671479786193089       0.20161013520021126     
   27.000000000000000        13.000000000000000       0.68205909781107932       0.19760043643001138     
   27.000000000000000        13.000000000000000       0.68747650719865527       0.19355552109546842     
   27.000000000000000        13.000000000000000       0.69296853655024770       0.18947498036946389     
   27.000000000000000        13.000000000000000       0.69853673829229190       0.18535839983744140     
   27.000000000000000        13.000000000000000       0.70418270821509110       0.18120535940815793     
   27.000000000000000        13.000000000000000       0.70990808699756391       0.17701543322247021     
   27.000000000000000        13.000000000000000       0.71571456179678572       0.17278818956006786     
   27.000000000000000        13.000000000000000       0.72160386790555409       0.16852319074398409     
   27.000000000000000        13.000000000000000       0.72757779048140359       0.16421999304301771     
   27.000000000000000        13.000000000000000       0.73363816635067958       0.15987814657167140     
   27.000000000000000        13.000000000000000       0.73978688589151953       0.15549719518766236     
   27.000000000000000        13.000000000000000       0.74602589499977245       0.15107667638698719     
   27.000000000000000        13.000000000000000       0.75235719714217131       0.14661612119611359     
   27.000000000000000        13.000000000000000       0.75878285550129743       0.14211505406164085     
   27.000000000000000        13.000000000000000       0.76530499521716711       0.13757299273670962     
   27.000000000000000        13.000000000000000       0.77192580573055380       0.13298944816503003     
   27.000000000000000        13.000000000000000       0.77864754323347352       0.12836392436053903     
   27.000000000000000        13.000000000000000       0.78547253323259925       0.12369591828524809     
   27.000000000000000        13.000000000000000       0.79240317323171039       0.11898491972231393     
   27.000000000000000        13.000000000000000       0.79944193553970000       0.11423041114597544     
   27.000000000000000        13.000000000000000       0.80659137021102267       0.10943186758758745     
   27.000000000000000        13.000000000000000       0.81385410812594805       0.10458875649763007     
   27.000000000000000        13.000000000000000       0.82123286421842778        9.9700537603482089E-002
   27.000000000000000        13.000000000000000       0.82873044085990100        9.4766662762491044E-002
   27.000000000000000        13.000000000000000       0.83634973140789159        8.9786575810598859E-002
   27.000000000000000        13.000000000000000       0.84409372392884596        8.4759712405711451E-002
   27.000000000000000        13.000000000000000       0.85196550510526003        7.9685499866250439E-002
   27.000000000000000        13.000000000000000       0.85996826433785400        7.4563357003897449E-002
   27.000000000000000        13.000000000000000       0.86810529805421632        6.9392693950596301E-002
   27.000000000000000        13.000000000000000       0.87638001423616874        6.4172911979298058E-002
   27.000000000000000        13.000000000000000       0.88479593717890503        5.8903403318514236E-002
   27.000000000000000        13.000000000000000       0.89335671249587112        5.3583550959670510E-002
   27.000000000000000        13.000000000000000       0.90206611238431222        4.8212728457702005E-002
   27.000000000000000        13.000000000000000       0.91092804116747372        4.2790299723549974E-002
   27.000000000000000        13.000000000000000       0.91994654113054786        3.7315618808600196E-002
   27.000000000000000        13.000000000000000       0.92912579866872169        3.1788029680749466E-002
   27.000000000000000        13.000000000000000       0.93847015076693430        2.6206865991615983E-002
   27.000000000000000        13.000000000000000       0.94798409183244692        2.0571450833392312E-002
   27.000000000000000        13.000000000000000       0.95767228090282230        1.4881096486086145E-002
   27.000000000000000        13.000000000000000       0.96753954925361119        9.1351041541224646E-003
   27.000000000000000        13.000000000000000       0.97759090843184027        3.3327636905314895E-003
   27.000000000000000        13.000000000000000       0.98783155874336925       -2.5266466898996396E-003
   27.000000000000000        13.000000000000000       0.99826689822432080       -8.4438607113606432E-003
   27.000000000000000        13.000000000000000        1.0089025321290892       -1.4419624350755809E-002
   27.000000000000000        13.000000000000000        1.0197442829699963       -2.0454696167035300E-002
   27.000000000000000        13.000000000000000        1.0307982011463421       -2.6549847644854858E-002
   27.000000000000000        13.000000000000000        1.0420705762036433       -3.2705863556087650E-002
   27.000000000000000        13.000000000000000        1.0535679487670784       -3.8923542337968901E-002
   27.000000000000000        13.000000000000000        1.0652971231967117       -4.5203696490731110E-002
   27.000000000000000        13.000000000000000        1.0772651810159501       -5.1547152994806028E-002
   27.000000000000000        13.000000000000000        1.0894794951689204       -5.7954753749750232E-002
   27.000000000000000        13.000000000000000        1.1019477451670645       -6.4427356036018665E-002
   27.000000000000000        13.000000000000000        1.1146779331903796       -7.0965833000393566E-002
   27.000000000000000        13.000000000000000        1.1276784012141901       -7.7571074168438184E-002
   27.000000000000000        13.000000000000000        1.1409578492385111       -8.4243985984142719E-002
   27.000000000000000        13.000000000000000        1.1545253547037067       -9.0985492379334301E-002
   27.000000000000000        13.000000000000000        1.1683903931834900       -9.7796535374731652E-002
   27.000000000000000        13.000000000000000        1.1825628604543994      -0.10467807571570655     
   27.000000000000000        13.000000000000000        1.1970530960497712      -0.11163109354342757     
   27.000000000000000        13.000000000000000        1.2118719084160103      -0.11865658910620093     
   27.000000000000000        13.000000000000000        1.2270306017998245      -0.12575558351154609     
   27.000000000000000        13.000000000000000        1.2425410050069283      -0.13292911952430281     
   27.000000000000000        13.000000000000000        1.2584155021860297      -0.14017826241162218     
   27.000000000000000        13.000000000000000        1.2746670658064403      -0.14750410084155116     
   27.000000000000000        13.000000000000000        1.2913092920138800      -0.15490774783544120     
   27.000000000000000        13.000000000000000        1.3083564385669992      -0.16239034178141842     
   27.000000000000000        13.000000000000000        1.3258234655770920      -0.16995304751206261     
   27.000000000000000        13.000000000000000        1.3437260792956691      -0.17759705745122298     
   27.000000000000000        13.000000000000000        1.3620807792192573      -0.18532359283638886     
   27.000000000000000        13.000000000000000        1.3809049088084109      -0.19313390502069902     
   27.000000000000000        13.000000000000000        1.4002167101485785      -0.20102927686348354     
   27.000000000000000        13.000000000000000        1.4200353829149970      -0.20901102421439446     
   27.000000000000000        13.000000000000000        1.4403811480422248      -0.21708049749889063     
   27.000000000000000        13.000000000000000        1.4612753165421544      -0.22523908341539203     
   27.000000000000000        13.000000000000000        1.4827403639628467      -0.23348820675066645     
   27.000000000000000        13.000000000000000        1.5048000110350856      -0.24182933232547282     
   27.000000000000000        13.000000000000000        1.5274793111149680      -0.25026396708139764     
   27.000000000000000        13.000000000000000        1.5508047451002596      -0.25879366231940776     
   27.000000000000000        13.000000000000000        1.5748043245764565      -0.26742001610607247     
   27.000000000000000        13.000000000000000        1.5995077040372918      -0.27614467586009089     
   27.000000000000000        13.000000000000000        1.6249463031249383      -0.28496934113642347     
   27.000000000000000        13.000000000000000        1.6511534399493710      -0.29389576662736111     
   27.000000000000000        13.000000000000000        1.6781644766763937      -0.30292576539674454     
   27.000000000000000        13.000000000000000        1.7060169787220205      -0.31206121237489998     
   27.000000000000000        13.000000000000000        1.7347508890602252      -0.32130404813429914     
   27.000000000000000        13.000000000000000        1.7644087193449967      -0.33065628297599264     
   27.000000000000000        13.000000000000000        1.7950357597697926      -0.34012000135687909     
   27.000000000000000        13.000000000000000        1.8266803098432527      -0.34969736669199392     
   27.000000000000000        13.000000000000000        1.8593939325543298      -0.35939062657008586     
   27.000000000000000        13.000000000000000        1.8932317347400147      -0.36920211842594192     
   27.000000000000000        13.000000000000000        1.9282526768622616      -0.37913427571661751     
   27.000000000000000        13.000000000000000        1.9645199158571869      -0.38918963465766021     
   27.000000000000000        13.000000000000000        1.9682177519900073      -0.39020204753039317     
   27.000000000000000        13.000000000000000        1.9719287946804382      -0.39121572149484890     
   27.000000000000000        13.000000000000000        1.9756531148044665      -0.39223065927210621     
   27.000000000000000        13.000000000000000        1.9793907837461502      -0.39324686359505340     
   27.000000000000000        13.000000000000000        1.9831418734021604      -0.39426433720912762     
   27.000000000000000        13.000000000000000        1.9869064561864294      -0.39528308287158559     
   27.000000000000000        13.000000000000000        1.9906846050347924      -0.39630310335175301     
   27.000000000000000        13.000000000000000        1.9944763934096772      -0.39732440143156383     
   27.000000000000000        13.000000000000000        1.9982818953049055      -0.39834697990540469     
   27.000000000000000        13.000000000000000        2.0021011852504853      -0.39937084157987612     
   27.000000000000000        13.000000000000000        2.0410692173520166      -0.40968066097535361     
   27.000000000000000        13.000000000000000        2.0815022130663876      -0.42012198431301923     
   27.000000000000000        13.000000000000000        2.1234843657046807      -0.43069783971220349     
   27.000000000000000        13.000000000000000        2.1671064461804073      -0.44141140257683809     
   27.000000000000000        13.000000000000000        2.2124664581491906      -0.45226600730604916     
   27.000000000000000        13.000000000000000        2.2596703730435341      -0.46326516021632647     
   27.000000000000000        13.000000000000000        2.3088329566056927      -0.47441255382638231     
   27.000000000000000        13.000000000000000        2.3600787004882906      -0.48571208268400828     
   27.000000000000000        13.000000000000000        2.4135428748419874      -0.49716786093811277     
   27.000000000000000        13.000000000000000        2.4693727206272644      -0.50878424189353888     
   27.000000000000000        13.000000000000000        2.5277288037783903      -0.52056583982513915     
   27.000000000000000        13.000000000000000        2.5887865574457720      -0.53251755437313197     
   27.000000000000000        13.000000000000000        2.6527380435144514      -0.54464459789930542     
   27.000000000000000        13.000000000000000        2.7197939706544263      -0.55695252624936131     
   27.000000000000000        13.000000000000000        2.7901860135725087      -0.56944727344716461     
   27.000000000000000        13.000000000000000        2.8641694872517318      -0.58213519094810406     
   27.000000000000000        13.000000000000000        2.9420264412282826      -0.59502309219847571     
   27.000000000000000        13.000000000000000        3.0240692529455071      -0.60811830339317563     
   27.000000000000000        13.000000000000000        3.1106448166913090      -0.62142872151553186     
   27.000000000000000        13.000000000000000        3.2021394465590305      -0.63496288096240261     
   27.000000000000000        13.000000000000000        3.2989846395769113      -0.64873003035004406     
   27.000000000000000        13.000000000000000        3.4016638803669528      -0.66274022145820322     
   27.000000000000000        13.000000000000000        3.5107207137526499      -0.67700441272398226     
   27.000000000000000        13.000000000000000        3.6267683697912751      -0.69153459028652375     
   27.000000000000000        13.000000000000000        3.7505013010642698      -0.70634391035062527     
   27.000000000000000        13.000000000000000        3.8827090906436110      -0.72144686760995302     
   27.000000000000000        13.000000000000000        4.0242933192002095      -0.73685949579445054     
   27.000000000000000        13.000000000000000        4.1762881527977340      -0.75259960811999760     
   27.000000000000000        13.000000000000000        4.3398856454485051      -0.76868708775952976     
   27.000000000000000        13.000000000000000        4.5164670660874329      -0.78514424162793628     
   27.000000000000000        13.000000000000000        4.7076419925642874      -0.80199623514458562     
   27.000000000000000        13.000000000000000        4.9152975161512149      -0.81927163178058537     
   27.000000000000000        13.000000000000000        5.1416607445658356      -0.83700306991441764     
   27.000000000000000        13.000000000000000        5.3893789945289621      -0.85522812216454980     
   27.000000000000000        13.000000000000000        5.6616238038943791      -0.87399040101241532     
   27.000000000000000        13.000000000000000        5.9622274475686918      -0.89334100269852124     
   27.000000000000000        13.000000000000000        6.2958644586797421      -0.91334042488173328     
   27.000000000000000        13.000000000000000        6.6682964710827743      -0.93406116271348971     
   27.000000000000000        13.000000000000000        7.0867077442763033      -0.95559130133032766     
   27.000000000000000        13.000000000000000        7.5601731323637154      -0.97803961534250217     
   27.000000000000000        13.000000000000000        8.1003237863790307       -1.0015430269482575     
   27.000000000000000        13.000000000000000        8.7223154485783834       -1.0262779086080844     
   27.000000000000000        13.000000000000000        9.4462729570399233       -1.0524779670304769     
   27.000000000000000        13.000000000000000        10.299508592012446       -1.0804640945889505     
   27.000000000000000        13.000000000000000        11.320045331881539       -1.1106977115983305     
   27.000000000000000        13.000000000000000        12.562437884765647       -1.1438850916702790     
   27.000000000000000        13.000000000000000        14.107853011523920       -1.1812088457549241     
   27.000000000000000        13.000000000000000        16.082550117937256       -1.2249502905440974     
   27.000000000000000        13.000000000000000        18.694246290935506       -1.2808476861668674     
   27.000000000000000        13.000000000000000        22.310440992010729       -1.3856416033119887     
   27.000000000000000        13.000000000000000        27.648633169787608        1.0000000200408773E+020
   27.000000000000000        13.000000000000000        36.323195458674974        1.0000000200408773E+020
   27.000000000000000        13.000000000000000        52.883723464732405        1.0000000200408773E+020
   27.000000000000000        13.000000000000000        97.045131480883953        1.0000000200408773E+020
   27.000000000000000        13.000000000000000        582.82061965839375        1.0000000200408773E+020
